eigval =

   1.0e+03 *

    3.0087
    2.9822
    3.0316
    3.0408
    2.8719
    3.1317
    3.1320
    3.4373
    2.4825
    2.4799
    3.4906
    3.6966
    3.6981
    2.2056
    2.2036
    2.1706
    2.1154
    2.0279
    2.0296
    1.7148

