eigvals =

   1.0e+03 *

    8.0499
    7.8820
    8.1024
    8.1183
    8.1221
    7.8024
    7.7975
    7.5660
    7.5580
    7.2821
    7.2616
    7.2225
    7.2074
    7.1588
    7.1551
    8.7758
    8.7739
    6.9344
    8.8852
    8.9176

