>> eigval = eigval.^0.5

eigval =

   1.0e+03 *

   0.0000
   0.0000 - 0.0000i
   0.0000 + 0.0000i
   0.0000
   0.0000 + 0.0000i
   0.0000
   0.1433
   0.2408
   0.2135
   0.3661
   0.3665
   0.6272
   0.6276
   0.6638
   0.7354
   0.7822
   1.0922
   1.0928
   1.2139
   1.2433
