eigvals =

   1.0e+03 *

    3.9919
    3.9901
    4.2134
    4.2184
    4.2873
    3.6981
    3.6966
    4.3431
    3.4906
    3.4373
    4.5490
    4.6371
    4.6449
    4.6744
    4.7151
    3.1320
    3.1317
    3.0316
    3.0408
    3.0087

